2 905.9027352575978
3 828.6187930059896
4 768.8543715346253
5 713.7384855840414
6 662.7735062830011
7 615.6351555736338
8 572.0264578271973
9 531.6739893374067
10 494.3259696652758
11 459.7505254858667
12 427.7340950043892
13 398.0799613127193
14 370.6069042133234
15 345.14796089304576
16 321.54928661230167
17 299.66910729463905
18 279.3767565620611
19 260.5517903683212
20 243.08317293959234
21 226.8685282436969
22 211.81345167915646
23 197.8308771070614
24 184.8404947452874
25 172.7682158088218
26 161.54568011451056
27 151.1098031758028
28 141.40235959533018
29 132.36959982239662
30 123.96189758063376
31 116.13342548976205
32 108.84185660639912
33 102.04808979338544
34 95.71599699668874
35 89.81219066467588
36 84.3058096876451
37 79.16832236695495
38 74.37334504381343
39 69.89647512877077
40 65.71513737482769
41 61.80844233072976
42 58.15705599703471
43 54.743079786567144
44 51.549939963493145
45 48.56228580196662
46 45.76589576658812
47 43.147591073255576
48 40.69515604073272
49 38.39726469081423
50 36.24341309867365
51 34.223857035129555
52 32.329554479469735
53 30.552112615385862
54 28.883738953731452
55 27.31719625446413
56 25.845760946448504
57 24.46318476799705
58 23.16365937325495
59 21.94178366998196
60 20.79253367306175
61 19.711234675347747
62 18.693535553319958
63 17.735385039629026
64 16.83300980801198
65 15.982894228404927
66 15.181761661411747
67 14.426557171720113
68 13.714431549637212
69 13.04272653873811
70 12.40896117572266
71 11.810819156031883
72 11.246137145634073
73 10.712893965690526
74 10.20920058261643
75 9.733290841381995
76 9.28351288480918
77 8.85832120613379
78 8.4562692862522
79 8.076002770897428
80 7.7162531465027655
81 7.375831876745946
82 7.053624964745835
83 6.748587908621537
84 6.459741020647312
85 6.186165082556573
86 5.926997311686026
87 5.681427614617585
88 5.448695106786839
89 5.228084878195066
90 5.01892498689679
91 4.820583663349751
92 4.632466710016786
93 4.45401508180825
94 4.28470263406077
95 4.124034025764738
96 3.9715427666926355
97 3.8267893979448626
98 3.6893597962268805
99 3.5588635929059813
100 3.4349326995741296
101 3.3172199324668123
102 3.2053977286652033
103 3.0991569475386216
104 2.9982057513753375
105 2.902268559601568
106 2.8110850714051443
107 2.7244093519658317
108 2.6420089778490627
109 2.5636642374480956
110 2.4891673826622522
111 2.4183219282785586
112 2.350941995782236
113 2.286851698560322
114 2.225884565682745
115 2.1678830016494026
116 2.1126977796794177
117 2.0601875662935583
118 2.010218475101183
119 1.9626636478521764
120 1.9174028609522331
121 1.8743221557669927
122 1.8333134911586648
123 1.794274416807898
124 1.7571077659749104
125 1.7217213664472042
126 1.6880277685083045
127 1.655943988842263
128 1.6253912693628343
129 1.5962948500259595
130 1.5685837547476145
131 1.5421905896089148
132 1.5170513525854212
133 1.4931052540886138
134 1.4702945476553455
135 1.4485643701648547
136 1.4278625910041676
137 1.4081396696407726
138 1.3893485210966927
139 1.3714443888513763
140 1.3543847247309755
141 1.3381290753705177
142 1.322638974861685
143 1.3078778432238618
144 1.2938108903588197
145 1.28040502517115
146 1.2676287695562956
147 1.2554521769766698
148 1.2438467553639099
149 1.232785394101206
150 1.2222422948550042
151 1.2121929060393826
152 1.2026138607096222
153 1.193482917693682
154 1.1847789057820695
155 1.1764816708069665
156 1.168572025451938
157 1.1610317016425942
158 1.1538433053776402
159 1.1469902738678925
160 1.1404568348585364
161 1.1342279680172365
162 1.1282893682773112
163 1.1226274110317411
164 1.1172291190796813
165 1.1120821312325806
166 1.107174672492497
167 1.1024955257199947
168 1.0980340047136576
169 1.0937799286275784
170 1.0897235976573347
171 1.0858557699287619
172 1.0821676395274114
173 1.0786508156100743
174 1.0752973025428427
175 1.0720994810132967
176 1.0690500900671367
177 1.0661422100223177
178 1.0633692462162825
179 1.060724913544163
180 1.0582032217481658
181 1.0557984614203602
182 1.053505190683203
183 1.0513182225139164
184 1.0492326126805627
185 1.0472436482595682
186 1.0453468367056644
187 1.0435378954470749
188 1.0418127419799539
189 1.0401674844374553
190 1.0385984126101586
191 1.0371019893957016
192 1.0356748426565672
193 1.034313757466121
194 1.0330156687239678
195 1.031777654122654
196 1.030596927448585
197 1.0294708322010186
198 1.0283968355137478
199 1.0273725223647192
200 1.026395590059817
201 1.0254638429775413
202 1.0245751875620497
203 1.0237276275525586
204 1.0229192594378762
205 1.0221482681251925
206 1.0214129228128657
207 1.0207115730575318
208 1.0200426450262046
209 1.0194046379244839
210 1.0187961205926699
211 1.0182157282615494
212 1.0176621594604804
213 1.0171341730704169
214 1.0166305855150402
215 1.0161502680834633
216 1.0156921443782194
217 1.0152551878827116
218 1.0148384196423963
219 1.014440906054318
220 1.014061756759983
221 1.0137001226365752
222 1.0133551938819914
223 1.0130261981891828
224 1.0127123990056912
225 1.0124130938742983
226 1.012127612851028
227 1.0118553169968665
228 1.0115955969396915
229 1.0113478715031834
230 1.0111115863995543
231 1.0108862129830756
232 1.0106712470616264
233 1.0104662077634552
234 1.0102706364566596
235 1.0100840957188981
236 1.00990616835491
237 1.0097364564597475
238 1.0095745805254657
239 1.009420178589307
240 1.0092729054214078
241 1.0091324317502486
242 1.0089984435239776
243 1.0088706412060655
244 1.008748739103586
245 1.0086324647266736
246 1.0085215581776612
247 1.0084157715685513
248 1.008314868465455
249 1.0082186233588388
250 1.0081268211582362
251 1.0080392567104626
252 1.0079557343400503
253 1.0078760674110234
254 1.0078000779089824
255 1.0077275960424872
256 1.0076584598629228
257 1.0075925149019835
258 1.007529613825881
259 1.007469616105619
260 1.0074123877024694
261 1.0073578007680506
262 1.0073057333582376
263 1.0072560691603625
264 1.0072086972329664
265 1.0071635117576325
266 1.0071204118023005
267 1.0070793010955157
268 1.0070400878110939
269 1.0070026843627795
270 1.0069670072083785
271 1.006932976662967
272 1.006900516720698
273 1.006869554884881
274 1.0068400220058902
275 1.0068118521265847
276 1.0067849823348631
277 1.0067593526230252
278 1.006734905753663
279 1.0067115871316923
280 1.0066893446823666
281 1.0066681287348727
282 1.0066478919113235
283 1.0066285890208928
284 1.0066101769588254
285 1.006592614610107
286 1.0065758627575923
287 1.0065598839944025
288 1.0065446426403024
289 1.0065301046620254
290 1.0065162375972045
291 1.00650301048186
292 1.0064903937812246
293 1.0064783593237543
294 1.0064668802381962
295 1.0064559308935634
296 1.0064454868418953
297 1.0064355247636108
298 1.0064260224154506
299 1.0064169585807616
300 1.0064083130221546
301 1.0064000664362354
302 1.0063922004105654
303 1.0063846973824677
304 1.006377540599843
305 1.0063707140837455
306 1.0063642025926902
307 1.0063579915886312
308 1.0063520672044401
309 1.0063464162130313
310 1.0063410259977255
311 1.0063358845241366
312 1.006330980313259
313 1.0063263024158693
314 1.0063218403880432
315 1.0063175842678533
316 1.0063135245531027
317 1.00630965218014
318 1.0063059585035763
319 1.0063024352770231
320 1.0062990746346347
321 1.0062958690735953
322 1.006292811437311
323 1.0062898948994867
324 1.006287112948818
325 1.0062844593745104
326 1.0062819282523894
327 1.0062795139316523
328 1.0062772110223013
329 1.0062750143830426
330 1.0062729191098696
331 1.0062709205250762
332 1.0062690141668238
333 1.0062671957791691
334 1.0062654613025892
335 1.0062638068648757
336 1.0062622287725274
337 1.0062607235024832
338 1.0062592876942633
339 1.006257918142469
340 1.006256611789616
341 1.0062553657193096
342 1.0062541771497509
343 1.0062530434274963
344 1.0062519620215657
345 1.0062509305177638
346 1.006249946613312
347 1.00624900811169
348 1.0062481129177425
349 1.006247259032997
350 1.0062464445512125
351 1.0062456676540932
352 1.0062449266072717
353 1.0062442197564077
354 1.006243545523498
355 1.006242902403371
356 1.0062422889603047
357 1.0062417038248197
358 1.0062411456906564
359 1.0062406133118125
360 1.0062401054997991
361 1.0062396211209585
362 1.0062391590939603
363 1.0062387183873578
364 1.0062382980173148
365 1.0062378970453942
366 1.006237514576446
367 1.0062371497566573
368 1.0062368017715866
369 1.0062364698443924
370 1.006236153234078
371 1.0062358512338383
372 1.00623556316948
373 1.0062352883979375
374 1.0062350263057986
375 1.0062347763079624
376 1.0062345378463495
377 1.0062343103886033
378 1.0062340934269511
379 1.0062338864770457
380 1.006233689076888
381 1.0062335007858139
382 1.0062333211834669
383 1.0062331498689054
384 1.0062329864596973
385 1.0062328305910384
386 1.0062326819149732
387 1.00623254009959
388 1.0062324048283111
389 1.0062322757991449
390 1.0062321527240554
391 1.0062320353282934
392 1.0062319233497792
393 1.0062318165385284
394 1.0062317146561073
395 1.006231617475065
396 1.0062315247784583
397 1.0062314363593508
398 1.0062313520203627
399 1.0062312715732051
400 1.0062311948382938
401 1.0062311216443347
402 1.0062310518279125
403 1.006230985233184
404 1.006230921711482
405 1.0062308611209916
406 1.0062308033264633
407 1.006230748198868
408 1.0062306956151452
409 1.0062306454579082
410 1.006230597615182
411 1.0062305519801638
412 1.006230508450979
413 1.0062304669304558
414 1.0062304273259044
415 1.0062303895489089
416 1.006230353515131
417 1.0062303191441444
418 1.0062302863592096
419 1.0062302550871374
420 1.00623022525812
421 1.0062301968055656
422 1.0062301696659566
423 1.006230143778716
424 1.006230119086041
425 1.0062300955328047
426 1.006230073066443
427 1.006230051636793
428 1.00623003119602
429 1.0062300116984801
430 1.0062299931006609
431 1.0062299753610422
432 1.0062299584400187
433 1.0062299422998175
434 1.0062299269044055
435 1.0062299122194167
436 1.0062298982120683
437 1.0062298848510964
438 1.0062298721066614
439 1.0062298599503239
440 1.006229848354941
441 1.006229837294625
442 1.006229826744689
443 1.0062298166815855
444 1.0062298070828413
445 1.0062297979270358
446 1.006229789193722
447 1.0062297808634084
448 1.0062297729174998
449 1.0062297653382535
450 1.0062297581087538
451 1.0062297512128582
452 1.0062297446351758
453 1.0062297383610233
454 1.006229732376391
455 1.0062297266679183
456 1.0062297212228655
457 1.006229716029074
458 1.0062297110749496
459 1.006229706349436
460 1.0062297018419797
461 1.006229697542522
462 1.0062296934414596
463 1.0062296895296494
464 1.0062296857983437
465 1.0062296822392163
466 1.00622967884433
467 1.0062296756061042
468 1.0062296725173003
469 1.0062296695710324
470 1.0062296667607218
471 1.006229664080089
472 1.0062296615231596
473 1.0062296590842155
474 1.0062296567578168
475 1.0062296545387726
476 1.0062296524221253
477 1.0062296504031536
478 1.0062296484773434
479 1.006229646640399
480 1.0062296448882282
481 1.0062296432169011
482 1.0062296416227037
483 1.006229640102069
484 1.0062296386516072
485 1.0062296372680721
486 1.0062296359483849
487 1.0062296346895925
488 1.0062296334888852
489 1.006229632343589
490 1.0062296312511418
491 1.0062296302091018
492 1.0062296292151502
493 1.0062296282670617
494 1.006229627362725
495 1.006229626500125
496 1.0062296256773187
497 1.0062296248924838
498 1.0062296241438693
499 1.0062296234298018
500 1.006229622748679
501 1.0062296220989848
502 1.0062296214792803
503 1.0062296208881643
504 1.0062296203243248
505 1.0062296197865066
506 1.0062296192735054
507 1.0062296187841766
508 1.0062296183174317
509 1.0062296178722197
510 1.0062296174475531
511 1.0062296170424843
512 1.006229616656106
513 1.006229616287558
514 1.0062296159360182
515 1.0062296156006982
516 1.0062296152808496
517 1.006229614975764
518 1.0062296146847582
519 1.006229614407176
520 1.0062296141424036
521 1.0062296138898532
522 1.0062296136489512
523 1.0062296134191684
524 1.0062296131999922
525 1.0062296129909265
526 1.0062296127915051
527 1.0062296126012908
528 1.0062296124198524
529 1.0062296122467818
530 1.0062296120817111
531 1.0062296119242466
532 1.0062296117740472
533 1.0062296116307854
534 1.0062296114941285
535 1.0062296113637827
536 1.006229611239449
537 1.0062296111208529
538 1.0062296110077302
539 1.0062296108998248
540 1.006229610796901
541 1.0062296106987287
542 1.0062296106050825
543 1.0062296105157569
544 1.006229610430559
545 1.0062296103492878
546 1.0062296102717672
547 1.006229610197823
548 1.0062296101272998
549 1.0062296100600225
550 1.0062296099958514
551 1.00622960993464
552 1.006229609876256
553 1.0062296098205643
554 1.0062296097674406
555 1.0062296097167727
556 1.006229609668439
557 1.0062296096223335
558 1.0062296095783607
559 1.006229609536423
560 1.0062296094964094
561 1.0062296094582426
562 1.0062296094218441
563 1.006229609387122
564 1.0062296093540004
565 1.0062296093224108
566 1.006229609292276
567 1.006229609263532
568 1.0062296092361172
569 1.0062296092099638
570 1.0062296091850171
571 1.006229609161224
572 1.0062296091385288
573 1.0062296091168816
574 1.0062296090962333
575 1.0062296090765328
576 1.0062296090577418
577 1.0062296090398253
578 1.0062296090227274
579 1.0062296090064258
580 1.0062296089908709
581 1.006229608976037
582 1.0062296089618825
583 1.0062296089483855
584 1.0062296089355118
585 1.0062296089232292
586 1.0062296089115177
587 1.0062296089003446
588 1.0062296088896872
589 1.006229608879524
590 1.0062296088698208
591 1.0062296088605744
592 1.0062296088517522
593 1.0062296088433367
594 1.0062296088353082
595 1.0062296088276552
596 1.0062296088203497
597 1.0062296088133846
598 1.0062296088067348
599 1.0062296088003984
600 1.0062296087943519
601 1.0062296087885871
602 1.006229608783082
603 1.0062296087778355
604 1.006229608772838
605 1.0062296087680582
606 1.0062296087635045
607 1.0062296087591562
608 1.0062296087550204
609 1.0062296087510678
610 1.0062296087473
611 1.0062296087437044
612 1.0062296087402736
613 1.006229608737004
614 1.006229608733883
615 1.0062296087309077
616 1.0062296087280658
617 1.0062296087253602
618 1.0062296087227744
619 1.0062296087203093
620 1.006229608717961
621 1.0062296087157157
622 1.0062296087135822
623 1.0062296087115437
624 1.0062296087095963
625 1.0062296087077425
626 1.0062296087059697
627 1.0062296087042808
628 1.0062296087026712
629 1.006229608701137
630 1.0062296086996676
631 1.0062296086982716
632 1.0062296086969396
633 1.0062296086956724
634 1.006229608694453
635 1.0062296086932996
636 1.0062296086921956
637 1.0062296086911406
638 1.0062296086901377
